0006110227
0006110227
0006110368
0006110227
0006110230
0006110805
0006110230
0006110230
0006110230
0006110230
0006110230
0006110230
0006110220
0006110220
0006110237
0006110237
0006110237
0006110373
0006110237
0006110361
0006110361
0006110237
0006110359
0006110224
0006110237
0006110365
0006110226
0006110237
0006110237
0006110220
0006110232
0006110232
0006110232
0006110232
0006110232
0006110232
0006110232
0006110227
0006110366
0006110228
0006110228
0006110228
0006110228
0006110228
0006110228
0006110228
0006110228
0006110228
0006110223
0006110228
0006110223
0006110223
0006110223
0006110223
0006110223
0006110223
0006110223
0006110223
0006110223
0006110223
0006110223
0006110223
0006110223
0006110237
0006110223
0006110237
0006110351
0006110233
0006110233
0006110233
0006110233
0006110233
0006110371
0006110229
0006110229
0006110371
0006110370
0006110371
0006110370
0006110229
0006110370
0006110229
0006110229
0006110231
0006110225
0006110343
0006110219
0006110343
0006110343
0006110218
0006110218
0006110218
0006110286
0006110281
0006110476
0006110476
0006110476
0006110476
0006110591
0006110572
0006110331
0006110331
0006110405
0006110529
0006110518
0006110643
0006110283
0006110283
0006110284
0006110284
0006110473
0006110043
0006110296
0006110044
0006110806
0006110331
0006110806
0006110806
0006110331
0006110252
0006110258
0006110018
0006110796
0006110117
0006110117
0006110075
0006110794
0006110794
0006110799
0006110799
0006110796
0006110796
0006110249
0006110249
0006110249
0006110034
0006110045
0006110042
0006110045
0006110043
0006110042
0006110034
0006110084
0006110102
0006110102
0006110102
0006110105
0006110095
0006110089
0006110097
0006110075
0006110075
0006110117
0006110117
0006110131
0006110131
0006110131
0006110117
0006110131
0006110806
0006110806
0006110786
0006110786
0006110787
0006110801
0006110801
0006110790
0006110790
0006110077
0006110790
0006110790
0006110790
0006110790
0006110790
0006110790
0006110790
0006110790
0006110790
0006110790
0006110790
0006110790
0006110790
0006110790
0006110790
0006110790
0006110790
0006110790
0006110790
0006110790
0006110790
0006110790
0006110790
0006110790
0006110790
0006110077
0006110790
0006110790
0006110790
0006110790
0006110077
0006110790
0006110790
0006110791
0006110790
0006110827
0006110832
0006110787
0006110787
0006110787
0006110787
0006110787
0006110787
0006110787
0006110787
0006110784
0006110787
0006110787
0006110784
0006110787
0006110792
0006110792
0006110035
0006110035
0006110035
0006110793
0006110042
0006110018
0006110042
0006110018
0006110042
0006110793
0006110035
0006110772
0006110774
0006110765
0006110765
0006110765
0006110765
0006110765
0006110765
0006110765
0006110765
0006110775
0006110775
0006110784
0006110784
0006110775
0006110775
0006110775
0006110784
0006110776
0006110776
0006110776
0006110776
0006110776
0006110776
0006110776
0006110776
0006110776
0006110812
0006110812
0006110812
0006110812
0006110812
0006110812
0006110812
0006110775
0006110775
0006110775
0006110775
0006110775
0006110775
0006110775
0006110761
0006110761
0006110764
0006110764
0006110764
0006110764
0006110764
0006110761
0006110761
0006110761
0006110762
0006110762
0006110763
0006110763
0006110763
0006110824
0006110824
0006110775
0006110775
0006110768
0006110768
0006110770
0006110770
0006110770
0006110770
0006110770
0006110770
0006110770
0006110770
0006110101
0006110770
0006110770
0006110750
0006110676
0006110752
0006110676
0006110254
0006110676
0006110676
0006110752
0006110254
0006110674
0006110671
0006110748
0006110671
0006110672
0006110672
0006110667
0006110748
0006110672
0006110748
0006110671
0006110671
0006110671
0006110748
0006110736
0006110667
0006110667
0006110748
0006110672
0006110667
0006110667
0006110670
0006110667
0006110667
0006110667
0006110667
0006110667
0006110670
0006110670
0006110670
0006110670
0006110670
0006110667
0006110667
0006110670
0006110667
0006110670
0006110667
0006110670
0006110667
0006110667
0006110670
0006110667
0006110667
0006110670
0006110670
0006110667
0006110670
0006110670
0006110670
0006110670
0006110670
0006110667
0006110667
0006110667
0006110667
0006110670
0006110670
0006110670
0006110670
0006110670
0006110667
0006110736
0006110667
0006110670
0006110667
0006110670
0006110670
0006110670
0006110670
0006110670
0006110670
0006110736
0006110670
0006110668
0006110310
0006110668
0006110668
0006110668
0006110740
0006110668
0006110254
0006110254
0006110737
0006110737
0006110614
0006110736
0006110675
0006110614
0006110614
0006110614
0006110614
0006110737
0006110737
0006110737
0006110737
0006110737
0006110737
0006110737
0006110737
0006110737
0006110614
0006110672
0006110662
0006110644
0006110644
0006110668
0006110667
0006110673
0006110668
0006110667
0006110667
0006110737
0006110673
0006110667
0006110667
0006110741
0006110668
0006110741
0006110668
0006110741
0006110668
0006110668
0006110741
0006110668
0006110741
0006110741
0006110668
0006110668
0006110668
0006110741
0006110342
0006110342
0006110667
0006110666
0006110339
0006110667
0006110655
0006110649
0006110649
0006110649
0006110649
0006110067
0006110648
0006110092
0006110648
0006110648
0006110646
0006110646
0006110646
0006110646
0006110654
0006110236
0006110236
0006110236
0006110236
0006110236
0006110685
0006110304
0006110913
0006110685
0006110177
0006110614
0006110614
0006110715
0006110614
0006110304
0006110304
0006110652
0006110327
0006110652
0006110652
0006110652
0006110652
0006110652
0006110617
0006110652
0006110652
0006110652
0006110640
0006110451
0006110272
0006110452
0006110272
0006110647
0006110647
0006110647
0006110652
0006110622
0006110622
0006110621
0006110621
0006110729
0006110614
0006110729
0006110729
0006110614
0006110614
0006110614
0006110614
0006110614
0006110729
0006110614
0006110614
0006110614
0006110614
0006110614
0006110614
0006110614
0006110614
0006110614
0006110614
0006110614
0006110614
0006110614
0006110614
0006110614
0006110614
0006110614
0006110614
0006110614
0006110729
0006110729
0006110614
0006110613
0006110725
0006110613
0006110613
0006110726
0006110179
0006110613
0006110613
0006110613
0006110613
0006110613
0006110725
0006110613
0006110640
0006110640
0006110640
0006110640
0006110662
0006110662
0006110613
0006110613
0006110613
0006110613
0006110613
0006110613
0006110613
0006110613
0006110613
0006110613
0006110613
0006110613
0006110613
0006110613
0006110613
0006110710
0006110610
0006110710
0006110711
0006110610
0006110684
0006110714
0006110610
0006110610
0006110711
0006110711
0006110710
0006110711
0006110711
0006110612
0006110721
0006110612
0006110612
0006110612
0006110612
0006110725
0006110725
0006110725
0006110237
0006110237
0006110613
0006110727
0006110727
0006110727
0006110614
0006110614
0006110727
0006110727
0006110614
0006110614
0006110614
0006110727
0006110614
0006110614
0006110614
0006110610
0006110614
0006110614
0006110617
0006110617
0006110617
0006110625
0006110617
0006110617
0006110610
0006110610
0006110686
0006110614
0006110177
0006110614
0006110614
0006110614
0006110611
0006110611
0006110614
0006110612
0006110612
0006110612
0006110612
0006110612
0006110605
0006110702
0006110702
0006110605
0006110702
0006110702
0006110700
0006110702
0006110605
0006110605
0006110605
0006110702
0006110605
0006110605
0006110702
0006110702
0006110702
0006110702
0006110702
0006110616
0006110611
0006110611
0006110690
0006110690
0006110611
0006110611
0006110611
0006110611
0006110612
0006110606
0006110606
0006110606
0006110691
0006110691
0006110691
0006110691
0006110098
0006110691
0006110098
0006110098
0006110691
0006110691
0006110098
0006110098
0006110618
0006110618
0006110607
0006110607
0006110708
0006110607
0006110607
0006110611
0006110689
0006110689
0006110689
0006110689
0006110689
0006110605
0006110605
0006110605
0006110609
0006110609
0006110690
0006110700
0006110690
0006110690
0006110690
0006110179
0006110684
0006110608
0006110685
0006110685
0006110685
0006110685
0006110685
0006110685
0006110685
0006110685
0006110685
0006110685
0006110685
0006110685
0006110685
0006110685
0006110685
0006110685
0006110685
0006110685
0006110685
0006110685
0006110685
0006110685
0006110685
0006110685
0006110685
0006110685
0006110685
0006110685
0006110685
0006110685
0006110685
0006110685
0006110685
0006110685
0006110685
0006110685
0006110685
0006110098
0006110098
0006110684
0006110686
0006110686
0006110684
0006110686
0006110335
0006110591
0006110335
0006110335
0006110335
0006110335
0006110692
0006110692
0006110692
0006110692
0006110692
0006110692
0006110692
0006110692
0006110692
0006110692
0006110692
0006110692
0006110692
0006110692
0006110692
0006110692
0006110692
0006110692
0006110692
0006110692
0006110692
0006110692
0006110684
0006110684
0006110684
0006110684
0006110684
0006110684
0006110684
0006110684
0006110684
0006110684
0006110684
0006110684
0006110684
0006110684
0006110684
0006110684
0006110332
0006110332
0006110581
0006110336
0006110336
0006110336
0006110331
0006110331
0006110331
0006110333
0006110333
0006110083
0006110333
0006110333
0006110333
0006110333
0006110333
0006110333
0006110278
0006110278
0006110272
0006110272
0006110272
0006110278
0006110593
0006110327
0006110329
0006110555
0006110554
0006110331
0006110331
0006110330
0006110330
0006110329
0006110329
0006110329
0006110573
0006110573
0006110329
0006110551
0006110323
0006110323
0006110323
0006110552
0006110323
0006110330
0006110563
0006110328
0006110328
0006110328
0006110328
0006110328
0006110328
0006110328
0006110322
0006110322
0006110652
0006110327
0006110402
0006110326
0006110326
0006110544
0006110544
0006110547
0006110319
0006110319
0006110319
0006110319
0006110545
0006110546
0006110546
0006110546
0006110546
0006110326
0006110326
0006110326
0006110317
0006110317
0006110317
0006110535
0006110320
0006110320
0006110320
0006110535
0006110320
0006110320
0006110305
0006110316
0006110316
0006110316
0006110316
0006110316
0006110316
0006110563
0006110327
0006110319
0006110548
0006110319
0006110319
0006110533
0006110595
0006110304
0006110304
0006110539
0006110306
0006110298
0006110298
0006110306
0006110520
0006110520
0006110306
0006110520
0006110306
0006110520
0006110306
0006110306
0006110309
0006110530
0006110529
0006110309
0006110501
0006110489
0006110500
0006110501
0006110500
0006110297
0006110516
0006110516
0006110514
0006110307
0006110307
0006110307
0006110526
0006110307
0006110307
0006110307
0006110307
0006110307
0006110307
0006110307
0006110307
0006110307
0006110307
0006110307
0006110526
0006110307
0006110307
0006110502
0006110298
0006110298
0006110298
0006110311
0006110307
0006110511
0006110493
0006110493
0006110493
0006110493
0006110493
0006110292
0006110493
0006110291
0006110485
0006110311
0006110532
0006110498
0006110295
0006110295
0006110290
0006110290
0006110285
0006110485
0006110485
0006110485
0006110485
0006110485
0006110290
0006110485
0006110291
0006110485
0006110291
0006110291
0006110485
0006110485
0006110488
0006110485
0006110291
0006110485
0006110485
0006110306
0006110306
0006110306
0006110481
0006110481
0006110290
0006110481
0006110290
0006110481
0006110290
0006110481
0006110481
0006110481
0006110481
0006110481
0006110481
0006110481
0006110481
0006110481
0006110481
0006110481
0006110481
0006110290
0006110481
0006110290
0006110481
0006110310
0006110310
0006110310
0006110310
0006110310
0006110310
0006110310
0006110286
0006110290
0006110296
0006110296
0006110296
0006110296
0006110284
0006110284
0006110284
0006110281
0006110281
0006110281
0006110284
0006110463
0006110280
0006110485
0006110280
0006110276
0006110276
0006110276
0006110276
0006110276
0006110276
0006110276
0006110276
0006110276
0006110276
0006110280
0006110281
0006110465
0006110465
0006110447
0006110447
0006110447
0006110447
0006110447
0006110447
0006110447
0006110268
0006110462
0006110462
0006110272
0006110272
0006110277
0006110273
0006110273
0006110273
0006110276
0006110455
0006110455
0006110449
0006110270
0006110270
0006110270
0006110270
0006110273
0006110273
0006110266
0006110274
0006110274
0006110274
0006110274
0006110274
0006110274
0006110254
0006110258
0006110258
0006110258
0006110258
0006110258
0006110250
0006110258
0006110258
0006110258
0006110254
0006110258
0006110252
0006110258
0006110258
0006110258
0006110258
0006110258
0006110441
0006110441
0006110441
0006110264
0006110264
0006110264
0006110264
0006110264
0006110264
0006110275
0006110275
0006110275
0006110255
0006110254
0006110255
0006110259
0006110259
0006110259
0006110266
0006110430
0006110266
0006110266
0006110430
0006110430
0006110266
0006110259
0006110266
0006110266
0006110266
0006110266
0006110266
0006110266
0006110266
0006110428
0006110422
0006110422
0006110422
0006110255
0006110255
0006110255
0006110421
0006110254
0006110437
0006110261
0006110261
0006110437
0006110435
0006110261
0006110261
0006110261
0006110421
0006110428
0006110428
0006110257
0006110257
0006110257
0006110257
0006110257
0006110421
0006110266
0006110260
0006110266
0006110266
0006110266
0006110266
0006110259
0006110259
0006110259
0006110262
0006110253
0006110423
0006110423
0006110252
0006110423
0006110252
0006110254
0006110254
0006110416
0006110435
0006110261
0006110254
0006110406
0006110254
0006110258
0006110258
0006110258
0006110258
0006110254
0006110258
0006110254
0006110258
0006110258
0006110419
0006110253
0006110252
0006110254
0006110272
0006110278
0006110278
0006110254
0006110278
0006110254
0006110278
0006110254
0006110278
0006110278
0006110278
0006110278
0006110254
0006110252
0006110406
0006110252
0006110252
0006110252
0006110252
0006110248
0006110248
0006110386
0006110249
0006110266
0006110266
0006110443
0006110430
0006110266
0006110266
0006110266
0006110266
0006110266
0006110443
0006110266
0006110266
0006110266
0006110266
0006110266
0006110266
0006110266
0006110266
0006110249
0006110249
0006110249
0006110249
0006110405
0006110251
0006110251
0006110405
0006110248
0006110250
0006110402
0006110402
0006110250
0006110250
0006110250
0006110250
0006110250
0006110250
0006110250
0006110250
0006110250
0006110402
0006110250
0006110250
0006110250
0006110239
0006110239
0006110239
0006110239
0006110239
0006110239
0006110239
0006110239
0006110239
0006110239
0006110239
0006110239
0006110239
0006110239
0006110239
0006110239
0006110239
0006110239
0006110239
0006110239
0006110239
0006110252
0006110243
0006110408
0006110244
0006110382
0006110244
0006110244
0006110244
0006110244
0006110244
0006110238
0006110238
0006110238
0006110238
0006110238
0006110238
0006110245
0006110384
0006110878
0006110878
0006110878
0006110895
0006110895
0006110241
0006110879
0006110879
0006110879
0006110879
0006110890
0006110879
0006110242
0006110242
0006110242
0006110242
0006110376
0006110376
0006110376
0006110894
0006110894
0006110894
0006110894
0006110894
0006110894
0006110894
0006110894
0006110894
0006110894
0006110894
0006110894
0006110894
0006110894
0006110894
0006110885
0006110885
0006110885
0006110885
0006110885
0006110885
0006110885
0006110885
0006110885
0006110885
0006110885
0006110893
0006110893
0006110893
0006110893
0006110893
0006110381
0006110244
0006110244
0006110244
0006110244
0006110244
0006110381
0006110881
0006110881
0006110881
0006110881
0006110881
0006110881
0006110881
0006110881
0006110881
0006110881
0006110881
0006110884
0006110881
0006110881
0006110881
0006110881
0006110881
0006110881
0006110881
0006110881
0006110881
0006110881
0006110881
0006110881
0006110242
0006110242
0006110242
0006110242
0006110242
0006110376
0006110242
0006110376
0006110242
0006110242
0006110376
0006110890
0006110890
0006110609
0006110887
0006110887
0006110878
0006110890
0006110878
0006110878
0006110878
0006110878
0006110878
0006110878
0006110878
0006110878
0006110884
0006110892
0006110884
0006110884
0006110884
0006110884
0006110884
0006110884
0006110884
0006110884
0006110884
0006110884
0006110884
0006110884
0006110241
0006110241
0006110241
0006110241
0006110241
0006110241
0006110896
0006110896
0006110896
0006110896
0006110241
0006110250
0006110252
0006110252
0006110880
0006110886
0006110886
0006110886
0006110888
0006110888
0006110888
0006110888
0006110888
0006110888
0006110888
0006110888
0006110888
0006110176
0006110882
0006110882
0006110889
0006110889
0006110882
0006110889
0006110889
0006110889
0006110889
0006110889
0006110889
0006110889
0006110889
0006110889
0006110889
0006110889
0006110889
0006110889
0006110889
0006110889
0006110889
0006110889
0006110889
0006110889
0006110890
0006110890
0006110890
0006110890
0006110890
0006110890
0006110890
0006110890
0006110890
0006110890
0006110890
0006110890
0006110890
0006110890
0006110890
0006110890
0006110890
0006110890
0006110890
0006110890
0006110890
0006110890
0006110890
0006110890
0006110890
0006110890
0006110890
0006110182
0006110182
0006110182
0006110182
0006110182
0006110182
0006110182
0006110182
0006110182
0006110182
0006110182
0006110182
0006110182
0006110182
0006110182
0006110182
0006110182
0006110182
0006110182
0006110182
0006110269
0006110269
0006110269
0006110269
0006110269
0006110269
0006110269
0006110269
0006110269
0006110269
0006110269
0006110169
0006110169
0006110169
0006110169
0006110169
0006110169
0006110169
0006110169
0006110169
0006110169
0006110172
0006110892
0006110892
0006110892
0006110892
0006110892
0006110892
0006110892
0006110892
0006110892
0006110892
0006110892
0006110163
0006110163
0006110163
0006110183
0006110183
0006110183
0006110179
0006110180
0006110180
0006110180
0006110180
0006110180
0006110180
0006110180
0006110180
0006110180
0006110180
0006110180
0006110180
0006110180
0006110180
0006110180
0006110180
0006110180
0006110180
0006110180
0006110180
0006110180
0006110180
0006110180
0006110159
0006110159
0006110159
0006110157
0006110159
0006110159
0006110159
0006110159
0006110181
0006110181
0006110181
0006110181
0006110181
0006110178
0006110178
0006110178
0006110178
0006110178
0006110178
0006110178
0006110178
0006110178
0006110178
0006110178
0006110178
0006110178
0006110178
0006110117
0006110117
0006110161
0006110161
0006110161
0006110184
0006110184
0006110184
0006110154
0006110154
0006110154
0006110154
0006110153
0006110154
0006110153
0006110154
0006110129
0006110880
0006110880
0006110880
0006110880
0006110880
0006110880
0006110880
0006110880
0006110880
0006110880
0006110880
0006110880
0006110880
0006110880
0006110880
0006110880
0006110880
0006110880
0006110880
0006110880
0006110880
0006110162
0006110170
0006110151
0006110151
0006110151
0006110151
0006110151
0006110151
0006110151
0006110151
0006110148
0006110151
0006110151
0006110148
0006110151
0006110151
0006110146
0006110151
0006110151
0006110150
0006110146
0006110151
0006110151
0006110151
0006110146
0006110148
0006110149
0006110149
0006110149
0006110149
0006110149
0006110149
0006110149
0006110149
0006110149
0006110149
0006110149
0006110149
0006110149
0006110149
0006110149
0006110149
0006110149
0006110149
0006110149
0006110149
0006110149
0006110149
0006110149
0006110149
0006110149
0006110149
0006110149
0006110149
0006110153
0006110153
0006110157
0006110162
0006110162
0006110162
0006110162
0006110162
0006110162
0006110150
0006110150
0006110150
0006110150
0006110150
0006110150
0006110146
0006110150
0006110150
0006110150
0006110150
0006110150
0006110150
0006110150
0006110150
0006110150
0006110150
0006110150
0006110150
0006110150
0006110150
0006110147
0006110147
0006110147
0006110147
0006110147
0006110147
0006110115
0006110115
0006110115
0006110122
0006110115
0006110116
0006110115
0006110115
0006110116
0006110122
0006110158
0006110158
0006110158
0006110158
0006110158
0006110165
0006110165
0006110165
0006110138
0006110165
0006110165
0006110165
0006110169
0006110163
0006110165
0006110115
0006110124
0006110115
0006110124
0006110115
0006110115
0006110127
0006110127
0006110127
0006110127
0006110115
0006110116
0006110120
0006110127
0006110122
0006110127
0006110127
0006110121
0006110127
0006110127
0006110148
0006110148
0006110148
0006110148
0006110148
0006110148
0006110148
0006110146
0006110148
0006110148
0006110148
0006110148
0006110148
0006110148
0006110148
0006110148
0006110148
0006110148
0006110148
0006110148
0006110148
0006110148
0006110148
0006110148
0006110148
0006110148
0006110148
0006110148
0006110148
0006110148
0006110148
0006110146
0006110148
0006110148
0006110148
0006110148
0006110148
0006110148
0006110148
0006110148
0006110148
0006110148
0006110148
0006110148
0006110148
0006110148
0006110148
0006110148
0006110146
0006110148
0006110148
0006110148
0006110148
0006110148
0006110148
0006110148
0006110148
0006110148
0006110148
0006110131
0006110131
0006110131
0006110131
0006110177
0006110177
0006110177
0006110177
0006110177
0006110155
0006110155
0006110155
0006110155
0006110155
0006110177
0006110177
0006110155
0006110177
0006110177
0006110177
0006110177
0006110177
0006110155
0006110177
0006110177
0006110177
0006110156
0006110156
0006110156
0006110156
0006110100
0006110100
0006110100
0006110115
0006110156
0006110115
0006110126
0006110116
0006110138
0006110092
0006110092
0006110092
0006110091
0006110092
0006110092
0006110092
0006110092
0006110081
0006110092
0006110092
0006110091
0006110091
0006110092
0006110091
0006110091
0006110092
0006110092
0006110129
0006110129
0006110103
0006110103
0006110103
0006110105
0006110105
0006110103
0006110103
0006110103
0006110103
0006110103
0006110103
0006110103
0006110105
0006110103
0006110105
0006110105
0006110103
0006110103
0006110103
0006110103
0006110103
0006110103
0006110103
0006110103
0006110103
0006110103
0006110103
0006110103
0006110128
0006110122
0006110128
0006110128
0006110128
0006110120
0006110120
0006110101
0006110098
0006110101
0006110098
0006110098
0006110093
0006110093
0006110093
0006110093
0006110093
0006110093
0006110093
0006110093
0006110098
0006110093
0006110093
0006110101
0006110098
0006110098
0006110098
0006110093
0006110101
0006110093
0006110093
0006110093
0006110093
0006110093
0006110093
0006110098
0006110098
0006110101
0006110098
0006110098
0006110098
0006110098
0006110101
0006110098
0006110101
0006110098
0006110101
0006110098
0006110101
0006110101
0006110098
0006110101
0006110098
0006110098
0006110098
0006110098
0006110130
0006110130
0006110116
0006110130
0006110116
0006110130
0006110130
0006110102
0006110102
0006110102
0006110102
0006110102
0006110102
0006110104
0006110104
0006110106
0006110104
0006110104
0006110104
0006110106
0006110106
0006110104
0006110106
0006110106
0006110106
0006110106
0006110106
0006110106
0006110104
0006110104
0006110106
0006110106
0006110106
0006110104
0006110104
0006110104
0006110104
0006110106
0006110084
0006110097
0006110084
0006110097
0006110097
0006110097
0006110097
0006110075
0006110097
0006110097
0006110097
0006110084
0006110097
0006110096
0006110096
0006110096
0006110096
0006110096
0006110096
0006110096
0006110096
0006110096
0006110096
0006110096
0006110096
0006110096
0006110096
0006110096
0006110096
0006110096
0006110096
0006110115
0006110116
0006110115
0006110119
0006110115
0006110115
0006110115
0006110115
0006110116
0006110115
0006110116
0006110116
0006110115
0006110116
0006110116
0006110116
0006110116
0006110115
0006110094
0006110094
0006110094
0006110094
0006110094
0006110091
0006110094
0006110094
0006110094
0006110091
0006110091
0006110090
0006110090
0006110090
0006110090
0006110090
0006110090
0006110079
0006110083
0006110080
0006110079
0006110079
0006110083
0006110083
0006110079
0006110079
0006110079
0006110079
0006110079
0006110079
0006110079
0006110079
0006110079
0006110079
0006110075
0006110075
0006110075
0006110075
0006110075
0006110075
0006110075
0006110075
0006110075
0006110146
0006110146
0006110148
0006110146
0006110146
0006110146
0006110146
0006110146
0006110146
0006110146
0006110146
0006110146
0006110146
0006110146
0006110146
0006110146
0006110146
0006110146
0006110146
0006110146
0006110146
0006110146
0006110146
0006110146
0006110146
0006110146
0006110071
0006110072
0006110071
0006110071
0006110071
0006110071
0006110071
0006110071
0006110071
0006110071
0006110071
0006110071
0006110071
0006110071
0006110071
0006110071
0006110071
0006110071
0006110071
0006110071
0006110071
0006110071
0006110071
0006110071
0006110071
0006110071
0006110071
0006110071
0006110071
0006110071
0006110021
0006110021
0006110021
0006110021
0006110021
0006110021
0006110021
0006110021
0006110022
0006110021
0006110021
0006110021
0006110021
0006110051
0006110051
0006110051
0006110021
0006110021
0006110078
0006110078
0006110089
0006110089
0006110089
0006110083
0006110083
0006110083
0006110083
0006110082
0006110083
0006110083
0006110083
0006110083
0006110083
0006110083
0006110083
0006110085
0006110084
0006110084
0006110095
0006110085
0006110076
0006110084
0006110084
0006110115
0006110115
0006110115
0006110115
0006110115
0006110115
0006110067
0006110067
0006110067
0006110067
0006110081
0006110115
0006110115
0006110076
0006110076
0006110076
0006110076
0006110077
0006110076
0006110076
0006110076
0006110076
0006110076
0006110076
0006110076
0006110076
0006110076
0006110076
0006110077
0006110077
0006110076
0006110076
0006110076
0006110076
0006110074
0006110076
0006110115
0006110091
0006110085
0006110085
0006110080
0006110080
0006110080
0006110087
0006110087
0006110087
0006110087
0006110087
0006110087
0006110087
0006110087
0006110087
0006110087
0006110087
0006110087
0006110087
0006110087
0006110087
0006110087
0006110087
0006110087
0006110087
0006110087
0006110087
0006110087
0006110087
0006110087
0006110087
0006110087
0006110087
0006110087
0006110087
0006110087
0006110087
0006110087
0006110087
0006110087
0006110087
0006110087
0006110087
0006110074
0006110074
0006110074
0006110074
0006110074
0006110074
0006110082
0006110082
0006110082
0006110082
0006110082
0006110082
0006110082
0006110082
0006110029
0006110029
0006110029
0006110029
0006110029
0006110029
0006110029
0006110029
0006110029
0006110029
0006110029
0006110029
0006110029
0006110029
0006110029
0006110041
0006110029
0006110029
0006110029
0006110029
0006110029
0006110029
0006110029
0006110029
0006110088
0006110088
0006110088
0006110088
0006110088
0006110088
0006110088
0006110088
0006110088
0006110117
0006110038
0006110036
0006110038
0006110038
0006110038
0006110038
0006110038
0006110038
0006110032
0006110032
0006110032
0006110032
0006110032
0006110032
0006110032
0006110032
0006110032
0006110032
0006110032
0006110032
0006110032
0006110032
0006110032
0006110032
0006110032
0006110032
0006110032
0006110032
0006110032
0006110032
0006110032
0006110032
0006110032
0006110032
0006110032
0006110032
0006110032
0006110032
0006110032
0006110032
0006110032
0006110032
0006110032
0006110032
0006110032
0006110032
0006110032
0006110032
0006110032
0006110032
0006110032
0006110032
0006110032
0006110032
0006110032
0006110032
0006110032
0006110032
0006110032
0006110032
0006110032
0006110032
0006110032
0006110032
0006110032
0006110032
0006110032
0006110032
0006110032
0006110032
0006110032
0006110032
0006110032
0006110032
0006110032
0006110032
0006110032
0006110032
0006110032
0006110032
0006110032
0006110032
0006110032
0006110032
0006110032
0006110032
0006110032
0006110032
0006110032
0006110032
0006110032
0006110032
0006110032
0006110032
0006110032
0006110032
0006110032
0006110032
0006110032
0006110032
0006110032
0006110032
0006110032
0006110032
0006110032
0006110032
0006110041
0006110041
0006110041
0006110041
0006110041
0006110041
0006110041
0006110041
0006110041
0006110041
0006110041
0006110041
0006110041
0006110041
0006110041
0006110041
0006110041
0006110041
0006110041
0006110041
0006110041
0006110041
0006110041
0006110041
0006110041
0006110041
0006110041
0006110041
0006110041
0006110041
0006110041
0006110041
0006110041
0006110041
0006110046
0006110041
0006110041
0006110041
0006110041
0006110041
0006110041
0006110041
0006110041
0006110041
0006110041
0006110041
0006110041
0006110041
0006110041
0006110041
0006110041
0006110041
0006110041
0006110041
0006110041
0006110041
0006110041
0006110041
0006110046
0006110041
0006110041
0006110041
0006110041
0006110020
0006110041
0006110041
0006110022
0006110041
0006110020
0006110041
0006110041
0006110041
0006110041
0006110041
0006110041
0006110041
0006110041
0006110041
0006110041
0006110020
0006110022
0006110022
0006110022
0006110022
0006110022
0006110022
0006110022
0006110022
0006110022
0006110022
0006110021
0006110020
0006110034
0006110034
0006110034
0006110022
0006110021
0006110022
0006110034
0006110034
0006110034
0006110020
0006110034
0006110022
0006110022
0006110022
0006110022
0006110021
0006110021
0006110022
0006110022
0006110022
0006110021
0006110022
0006110022
0006110021
0006110022
0006110022
0006110022
0006110022
0006110022
0006110022
0006110022
0006110028
0006110028
0006110028
0006110028
0006110028
0006110028
0006110028
0006110028
0006110028
0006110033
0006110033
0006110033
0006110033
0006110033
0006110033
0006110033
0006110033
0006110033
0006110033
0006110033
0006110033
0006110033
0006110033
0006110033
0006110042
0006110045
0006110045
0006110045
0006110045
0006110045
0006110044
0006110044
0006110045
0006110045
0006110045
0006110045
0006110048
0006110050
0006110050
0006110050
0006110045
0006110014
0006110014
0006110050
0006110048
0006110043
0006110048
0006110050
0006110050
0006110045
0006110014
0006110048
0006110014
0006110048
0006110042
0006110048
0006110014
0006110014
0006110045
0006110048
0006110045
0006110048
0006110048
0006110014
0006110014
0006110014
0006110048
0006110014
0006110050
0006110048
0006110048
0006110042
0006110045
0006110050
0006110042
0006110048
0006110014
0006110014
0006110045
0006110050
0006110014
0006110014
0006110014
0006110014
0006110048
0006110048
0006110048
0006110014
0006110014
0006110050
0006110050
0006110014
0006110048
0006110014
0006110050
0006110050
0006110050
0006110014
0006110014
0006110014
0006110050
0006110050
0006110014
0006110048
0006110048
0006110050
0006110050
0006110048
0006110014
0006110014
0006110048
0006110045
0006110042
0006110065
0006110065
0006110047
0006110043
0006110035
0006110035
0006110043
0006110043
0006110035
0006110035
0006110047
0006110035
0006110047
0006110036
0006110035
0006110036
0006110036
0006110043
0006110043
0006110043
0006110043
0006110036
0006110047
0006110035
0006110043
0006110043
0006110035
0006110043
0006110043
0006110035
0006110035
0006110035
0006110043
0006110047
0006110036
0006110036
0006110036
0006110043
0006110043
0006110035
0006110035
0006110035
0006110019
0006110046
0006110035
0006110043
0006110035
0006110043
0006110035
0006110035
0006110035
0006110047
0006110043
0006110047
0006110035
0006110035
0006110043
0006110035
0006110035
0006110043
0006110047
0006110043
0006110049
0006110049
0006110049
0006110015
0006110049
0006110049
0006110049
0006110049
0006110049
0006110049
0006110015
0006110049
0006110091
0006110049
0006110049
0006110049
0006110049
0006110049
0006110049
0006110049
0006110049
0006110049
0006110049
0006110049
0006110049
0006110049
0006110015
0006110015
0006110043
0006110042
0006110043
0006110042
0006110042
0006110042
0006110091
0006110042
0006110042
0006110043
0006110042
0006110044
0006110014
0006110048
0006110048
0006110048
0006110048
0006110014
0006110048
0006110048
0006110048
0006110048
0006110048
0006110044
0006110048
0006110048
0006110048
0006110048
0006110048
0006110048
0006110048
0006110014
0006110048
0006110048
0006110048
0006110014
0006110048
0006110014
0006110014
0006110048
0006110048
0006110044
0006110031
0006110031
0006110031
0006110031
0006110031
0006110031
0006110031
0006110031
0006110031
0006110031
0006110031
0006110031
0006110031
0006110031
0006110031
0006110031
0006110117
0006110117
0006110117
0006110117
0006110117
0006110027
0006110027
0006110027
0006110027
0006110027
0006110027
0006110027
0006110027
0006110027
0006110117
0006110027
0006110027
0006110027
0006110027
0006110027
0006110027
0006110027
0006110027
0006110027
0006110027
0006110027
0006110027
0006110027
0006110027
0006110040
0006110040
0006110040
0006110040
0006110040
0006110040
0006110040
0006110040
0006110040
0006110040
0006110040
0006110040
0006110040
0006110040
0006110040
0006110040
0006110040
0006110040
0006110040
0006110040
0006110040
0006110040
0006110117
0006110036
0006110036
0006110117
0006110019
0006110036
0006110117
0006110019
0006110036
0006110036
0006110036
0006110117
0006110117
0006110117
0006110019
0006110117
0006110117
0006110117
0006110117
0006110117
0006110117
0006110117
0006110021
0006110039
0006110039
0006110039
0006110039
0006110037
0006110021
0006110021
0006110021
0006110046
0006110021
0006110046
0006110021
0006110046
0006110046
0006110046
0006110021
0006110046
0006110046
0006110046
0006110021
0006110021
0006110021
0006110021
0006110043
0006110072
0006110072
0006110072
0006110030
0006110030
0006110030
0006110030
0006110030
0006110030
0006110030
0006110030
0006110030
0006110030
0006110030
0006110030
0006110030
0006110030
0006110030
0006110030
0006110030
0006110030
0006110030
0006110030
0006110030
0006110030
0006110030
0006110030
0006110030
0006110030
0006110030
0006110030
0006110030
0006110030
0006110030
0006110030
0006110030
0006110030
0006110030
0006110030
0006110030
0006110030
0006110030
0006110030
0006110030
0006110030
0006110030
0006110030
0006110030
0006110048
0006110015
0006110052
0006110024
0006110025
0006110024
0006110025
0006110025
0006110023
0006110023
0006110023
0006110023
0006110023
0006110025
0006110025
0006110023
0006110025
0006110025
0006110023
0006110023
0006110023
0006110025
0006110023
0006110023
0006110023
0006110023
0006110025
0006110024
0006110025
0006110023
0006110023
0006110025
0006110023
0006110025
0006110025
0006110023
0006110023
0006110023
0006110025
0006110023
0006110023
0006110025
0006110023
0006110023
0006110024
0006110015
0006110035
0006110035
0006110015
0006110035
0006110035
0006110035
0006110035
0006110035
0006110035
0006110035
0006110035
0006110035
0006110035
0006110035
0006110035
0006110035
0006110035
0006110035
0006110035
0006110035
0006110035
0006110035
0006110035
0006110035
0006110035
0006110035
0006110035
0006110035
0006110035
0006110035
0006110035
0006110035
0006110035
0006110035
0006110035
0006110035
0006110035
0006110035
0006110035
0006110035
0006110035
0006110035
0006110035
0006110035
0006110035
0006110035
0006110035
0006110035
0006110035
0006110035
0006110035
0006110035
0006110035
0006110035
0006110035
0006110035
0006110035
0006110035
0006110035
0006110035
0006110035
0006110035
0006110035
0006110035
0006110035
0006110035
0006110035
0006110025
0006110026
0006110026
0006110026
0006110026
0006110026
0006110026
0006110026
0006110026
0006110025
0006110026
0006110026
0006110026
0006110026
0006110026
0006110026
0006110026
0006110026
0006110026
0006110026
0006110025
0006110026
0006110026
0006110026
0006110026
0006110026
0006110026
0006110026
0006110026
0006110026
0006110026
0006110026
0006110026
0006110026
0006110026
0006110026
0006110026
0006110026
0006110026
0006110026
0006110026
0006110026
0006110026
0006110026
0006110026
0006110026
0006110026
0006110025
0006110026
0006110026
0006110026
0006110026
0006110026
0006110026
0006110026
0006110026
0006110026
0006110026
0006110026
0006110025
0006110017
0006110017
0006110018
0006110017
0006110018
0006110017
0006110018
0006110018
0006110018
0006110018
0006110018
0006110018
0006110018
0006110018
0006110017
0006110017
0006110018
0006110018
0006110017
0006110018
0006110018
0006110017
0006110018
0006110018
0006110018
0006110018
0006110018
0006110018
0006110017
0006110018
0006110017
0006110018
0006110018
0006110018
0006110017
0006110018
0006110017
0006110017
0006110018
0006110018
0006110018
0006110017
0006110017
0006110024
0006110024
0006110024
0006110024
0006110024
0006110024
0006110024
0006110024
0006110024
0006110024
0006110020
0006110020
0006110020
0006110020
0006110043
0006110043
0006110043
0006110021
0006110020
0006110021
0006110043
0006110021
0006110042
0006110043
0006110043
0006110043
0006110043
0006110043
0006110014
0006110014
0006110014
0006110014
0006110802
0006110014
0006110014
0006110014
0006110014
0006110014
0006110014
0006110048
0006110048
0006110014
0006110048
0006110014
0006110014
0006110014
0006110048
0006110014
0006110014
0006110014
0006110802
0006110017
0006110372
0006110372
0006110229
0006110370
0006110805
0006110805
0006110805
0006110805
0006110805
0006110805
0006110805
0006110806
0006110790
0006110792
0006110762
0006110762
0006110762
0006110762
0006110762
0006110762
0006110752
0006110748
0006110652
0006110652
0006110652
0006110652
0006110652
0006110652
0006110652
0006110652
0006110652
0006110652
0006110652
0006110652
0006110652
0006110652
0006110652
0006110652
0006110652
0006110652
0006110652
0006110737
0006110737
0006110691
0006110691
0006110691
0006110691
0006110691
0006110691
0006110691
0006110691
0006110691
0006110691
0006110691
0006110691
0006110691
0006110691
0006110691
0006110691
0006110691
0006110691
0006110691
0006110291
0006110485
0006110296
0006110296
0006110328
0006110258
0006110258
0006110272
0006110258
0006110252
0006110406
0006110258
0006110258
0006110406
0006110249
0006110249
0006110249
0006110249
0006110249
0006110249
0006110249
0006110249
0006110249
0006110249
0006110249
0006110249
0006110249
0006110249
0006110249
0006110249
0006110249
0006110266
0006110266
0006110266
0006110258
0006110258
0006110258
0006110258
0006110258
0006110258
0006110258
0006110258
0006110258
0006110258
0006110258
0006110258
0006110258
0006110258
0006110258
0006110258
0006110258
0006110258
0006110258
0006110258
0006110258
0006110258
0006110266
0006110266
0006110242
0006110242
0006110242
0006110881
0006110881
0006110881
0006110881
0006110881
0006110881
0006110881
0006110881
0006110881
0006110881
0006110881
0006110881
0006110881
0006110881
0006110881
0006110881
0006110244
0006110244
0006110244
0006110244
0006110244
0006110244
0006110382
0006110244
0006110244
0006110382
0006110244
0006110244
0006110244
0006110244
0006110244
0006110244
0006110382
0006110244
0006110244
0006110382
0006110244
0006110244
0006110244
0006110244
0006110244
0006110244
0006110244
0006110244
0006110878
0006110878
0006110878
0006110878
0006110878
0006110878
0006110878
0006110878
0006110878
0006110878
0006110878
0006110878
0006110878
0006110878
0006110878
0006110878
0006110878
0006110878
0006110154
0006110032
0006110032
0006110032
0006110032
0006110032
0006110032
0006110032
0006110032
0006110032
0006110032
0006110032
0006110032
0006110032
0006110032
0006110032
0006110032
0006110032
0006110048
0006110050
0006110050
0006110048
0006110048
0006110048
0006110050
0006110048
0006110050
0006110050
0006110048
0006110050
0006110048
0006110048
0006110050
0006110050
0006110048
0006110050
0006110048
0006110048
0006110048
0006110048
0006110048
0006110048
0006110048
0006110048
0006110048
0006110050
0006110048
0006110048
0006110050
0006110048
0006110048
0006110048
0006110048
0006110048
0006110130
0006110130
0006110130
0006110130
0006110130
0006110130
0006110130
0006110130
0006110130
0006110130
0006110130
0006110130
0006110130
0006110130
0006110130
0006110130
0006110130
0006110130
0006110130
0006110130
0006110130
0006110130
0006110130
0006110130
0006110130
0006110130
0006110130
0006110130
0006110148
0006110148
0006110042
0006110148
0006110043
0006110148
0006110042
0006110148
0006110042
0006110148
0006110042
0006110148
0006110148
0006110148
0006110148
0006110148
0006110148
0006110148
0006110148
0006110148
0006110148
0006110148
0006110042
0006110148
0006110148
0006110042
0006110042
0006110042
0006110148
0006110148
0006110148
0006110022
0006110021
0006110020
0006110021
0006110022
0006110021
0006110021
0006110042
0006110021
0006110021
0006110021
0006110022
0006110042
0006110043
0006110044
0006110021
0006110020
0006110043
0006110042
0006110042
0006110042
0006110042
0006110042
0006110045
0006110043
0006110035
0006110035
0006110035
0006110035
0006110035
0006110035
0006110035
0006110035
0006110035
0006110035
0006110035
0006110035
0006110035
0006110035
0006110035
0006110035
0006110035
0006110035
0006110035
0006110035
0006110035
0006110035
0006110035
0006110035
0006110035
0006110035
0006110035
0006110035
0006110035
0006110035
0006110035
0006110035
0006110035
0006110035
0006110035
0006110035
0006110035
0006110035
0006110035
0006110035
0006110035
0006110035
0006110035
0006110035
0006110035
0006110035
0006110035
0006110035
0006110035
0006110035
0006110035
0006110035
0006110035
0006110035
0006110035
0006110035
0006110035
0006110035
0006110035
0006110035
0006110035
0006110044
0006110042
0006110042
0006110045
0006110044
0006110043
0006110044
0006110042
0006110045
0006110042
0006110044
0006110043
0006110042
0006110042
0006110043
0006110044
0006110044
0006110042
0006110044
0006110043
0006110042
0006110045
0006110043
0006110044
0006110043
0006110045
0006110045
0006110043
0006110042
0006110044
0006110044
0006110042
0006110044
0006110042
0006110043
0006110042
0006110045
0006110045
0006110044
0006110115
0006110115
0006110115
0006110115
0006110044
0006110044
0006110045
0006110042
0006110044
0006110042
0006110045
0006110050
0006110021
0006110046
0006110021
0006110021
0006110046
0006110021
0006110021
0006110021
0006110041
0006110041
0006110021
0006110021
0006110021
0006110021
0006110021
0006110021
0006110021
0006110021
0006110021
0006110021
0006110021
0006110021
0006110021
0006110021
0006110021
0006110021
0006110044
0006110042
0006110045
0006110044
0006110042
0006110045
0006110044
0006110042
0006110044
0006110045
0006110044
0006110042
0006110044
0006110044
0006110042
0006110042
0006110045
0006110045
0006110045
0006110045
0006110045
0006110042
0006110044
0006110044
0006110044
0006110044
0006110044
0006110044
0006110044
0006110044
0006110044
0006110044
0006110042
0006110042
0006110043
0006110042
0006110043
0006110042
0006110042
0006110042
0006110043
0006110043
0006110043
0006110043
0006110026
0006110026
0006110026
0006110026
0006110026
0006110026
0006110026
0006110026
0006110026
0006110026
0006110026
0006110026
0006110026
0006110026
0006110026
0006110026
0006110026
0006110026
0006110026
0006110026
0006110026
0006110026
0006110026
0006110026
0006110026
0006110026
0006110026
0006110026
0006110026
0006110026
0006110026
0006110026
0006110026
0006110026
0006110026
0006110026
0006110095
0006110095
0006110095
0006110095
0006110652
0006110652
0006110652
0006110652
0006110652
0006110652
0006110652
0006110652
0006110652
0006110652
0006110652
0006110652
0006110652
0006110652
0006110652
0006110652
0006110652
0006110652
0006110652
0006110652
0006110652
0006110168
0006110168
0006110153
0006110153
0006110153
0006110153
0006110153
0006110153
0006110153
0006110153
0006110153
0006110153
0006110153
0006110153
0006110153
0006110153
0006110153
0006110153
0006110153
0006110153
0006110153
0006110153
0006110153
0006110153
0006110784
0006110784
0006110784
0006110784
0006110784
0006110784
0006110784
0006110784
0006110784
0006110784
0006110784
0006110784
0006110784
0006110043
0006110043
0006110043
0006110043
0006110042
0006110043
0006110042
0006110043
0006110043
0006110043
0006110043
0006110043
0006110043
0006110043
0006110043
0006110042
0006110043
0006110043
0006110042
0006110043
0006110043
0006110043
0006110043
0006110043
0006110043
0006110043
0006110043
0006110043
0006110043
0006110042
0006110043
0006110043
0006110043
0006110043
0006110784
0006110784
0006110784
0006110784
0006110784
0006110784
0006110784
0006110784
0006110784
0006110784
0006110784
0006110784
0006110802
0006110802
0006110784
0006110784
0006110784
0006110784
0006110153
0006110153
0006110153
0006110153
0006110153
0006110153
0006110153
0006110153
0006110784
0006110784
0006110784
0006110784
0006110784
0006110784
0006110784
0006110784
0006110153
0006110784
0006110153
0006110153
0006110784
0006110784
0006110784
0006110784
0006110784
0006110784
0006110784
0006110153
0006110784
0006110784
0006110153
0006110784
0006110784
0006110784
0006110784
0006110153
0006110153
0006110153
0006110153
0006110153
0006110153
0006110153
0006110153
0006110802
0006110802
0006110802
0006110043
0006110043
0006110043
0006110043
0006110043
0006110015
0006110014
0006110014
0006110014
0006110048
0006110014
0006110048
0006110014
0006110014
0006110014
0006110014
0006110014
0006110014
0006110014
0006110014
0006110014
0006110014
0006110014
0006110014
0006110014
0006110014
0006110014
0006110014
0006110014
0006110014
0006110014
0006110014
0006110048
0006110014
0006110048
0006110048
0006110014
0006110014
0006110014
0006110048
0006110014
0006110014
0006110019
0006110019
0006110036
0006110030
0006110030
0006110030
0006110030
0006110030
0006110030
0006110030
0006110030
0006110030
0006110030
0006110030
0006110030
0006110030
0006110030
0006110030
0006110030
0006110030
0006110030
0006110030
0006110030
0006110030
0006110030
0006110030
0006110030
0006110037
0006110038
0006110038
0006110038
0006110038
0006110034
0006110038
0006110038
0006110038
0006110038
0006110018
0006110018
0006110017
0006110017
0006110018
0006110017
0006110027
0006110027
0006110027
0006110027
0006110027
0006110027
0006110027
0006110027
0006110027
0006110027
0006110027
0006110027
0006110027
0006110027
0006110027
0006110027
0006110023
0006110027
0006110023
0006110027
0006110017
0006110027
0006110023
0006110017
0006110027
0006110017
0006110023
0006110027
0006110017
0006110027
0006110027
0006110017
0006110027
0006110027
0006110027
0006110023
0006110027
0006110017
0006110027
0006110017
0006110027
0006110023
0006110027
0006110017
0006110023
0006110027
0006110017
0006110027
0006110017
0006110023
0006110017
0006110017
0006110017
0006110017
0006110017
0006110017
0006110017
0006110017
0006110017
0006110017
0006110017
0006110017
0006110028
0006110023
0006110028
0006110028
0006110028
0006110023
0006110028
0006110023
0006110028
0006110028
0006110028
0006110028
0006110028
0006110028
0006110023
0006110028
0006110023
0006110028
0006110023
0006110028
0006110028
0006110028
0006110028
0006110028
0006110028
0006110028
0006110028
0006110028
0006110023
0006110028
0006110017
0006110028
0006110028
0006110017
0006110028
0006110028
0006110028
0006110028
0006110028
0006110028
0006110028
0006110028
0006110028
0006110028
0006110028
0006110028
0006110028
0006110028
0006110028
0006110028
0006110028
0006110028
0006110028
0006110028
0006110028
0006110028
0006110028
0006110028
0006110028
0006110028
0006110028
0006110028
0006110028
0006110028
0006110028
0006110028
0006110028
0006110028
0006110028
0006110028
0006110028
0006110028
0006110028
0006110028
0006110028
0006110028
0006110028
0006110028
0006110028
0006110028
0006110028
0006110028
0006110028
0006110028
0006110028
0006110028
0006110028
0006110028
0006110028
0006110028
0006110028
0006110028
0006110028
0006110028
0006110028
0006110028
0006110028
0006110028
0006110028
0006110028
0006110028
0006110028
0006110029
0006110029
0006110031
0006110029
0006110031
0006110029
0006110029
0006110031
0006110036
0006110029
0006110031
0006110029
0006110031
0006110036
0006110029
0006110029
0006110031
0006110029
0006110036
0006110029
0006110047
0006110029
0006110031
0006110029
0006110029
0006110031
0006110047
0006110029
0006110036
0006110029
0006110031
0006110029
0006110031
0006110029
0006110036
0006110029
0006110029
0006110031
0006110029
0006110029
0006110031
0006110029
0006110029
0006110029
0006110031
0006110029
0006110029
0006110036
0006110029
0006110036
0006110029
0006110029
0006110029
0006110029
0006110036
0006110029
0006110036
0006110029
0006110036
0006110029
0006110029
0006110029
0006110036
0006110029
0006110029
0006110029
0006110029
0006110029
0006110029
0006110029
0006110036
0006110036
0006110021
0006110020
0006110026
0006110026
0006110026
0006110021
0006110026
0006110026
0006110020
0006110026
0006110026
0006110026
0006110026
0006110026
0006110022
0006110026
0006110026
0006110026
0006110026
0006110026
0006110026
0006110022
0006110026
0006110026
0006110026
0006110026
0006110026
0006110026
0006110026
0006110026
0006110026
0006110040
0006110040
0006110040
0006110040
0006110040
0006110040
0006110040
0006110040
0006110040
0006110040
0006110040
0006110040
0006110040
0006110040
0006110040
0006110040
0006110040
0006110040
0006110041
0006110041
0006110040
0006110041
0006110040
0006110041
0006110040
0006110041
0006110040
0006110041
0006110040
0006110041
0006110041
0006110041
0006110040
0006110041
0006110041
0006110041
0006110041
0006110041
0006110041
0006110041
0006110041
0006110041
0006110047
0006110042
0006110042
0006110042
0006110044
0006110044
0006110046
0006110046
0006110046
0006110046
0006110046
0006110046
0006110046
0006110043
0006110043
0006110043
0006110048
0006110048
0006110048
0006110048
0006110048
0006110048
0006110048
0006110048
0006110048
0006110050
0006110048
0006110050
0006110048
0006110078
0006110079
0006110081
0006110081
0006110081
0006110081
0006110081
0006110081
0006110081
0006110081
0006110081
0006110081
0006110081
0006110081
0006110087
0006110087
0006110087
0006110087
0006110087
0006110087
0006110087
0006110087
0006110087
0006110087
0006110074
0006110074
0006110085
0006110085
0006110085
0006110074
0006110074
0006110074
0006110074
0006110074
0006110074
0006110074
0006110074
0006110080
0006110080
0006110080
0006110080
0006110080
0006110080
0006110080
0006110080
0006110071
0006110071
0006110071
0006110071
0006110071
0006110071
0006110071
0006110097
0006110071
0006110071
0006110071
0006110071
0006110071
0006110071
0006110071
0006110071
0006110071
0006110079
0006110079
0006110079
0006110079
0006110079
0006110077
0006110076
0006110076
0006110092
0006110092
0006110081
0006110092
0006110081
0006110091
0006110092
0006110079
0006110079
0006110075
0006110075
0006110083
0006110083
0006110091
0006110091
0006110091
0006110091
0006110083
0006110082
0006110083
0006110082
0006110082
0006110082
0006110082
0006110083
0006110088
0006110088
0006110088
0006110088
0006110088
0006110088
0006110088
0006110088
0006110088
0006110088
0006110088
0006110088
0006110088
0006110088
0006110096
0006110101
0006110101
0006110101
0006110101
0006110095
0006110102
0006110102
0006110106
0006110104
0006110106
0006110104
0006110115
0006110115
0006110115
0006110115
0006110115
0006110115
0006110115
0006110122
0006110117
0006110116
0006110116
0006110127
0006110127
0006110127
0006110116
0006110122
0006110122
0006110116
0006110122
0006110116
0006110122
0006110130
0006110121
0006110130
0006110130
0006110130
0006110130
0006110151
0006110152
0006110148
0006110151
0006110151
0006110146
0006110146
0006110146
0006110152
0006110146
0006110146
0006110151
0006110146
0006110146
0006110150
0006110151
0006110146
0006110146
0006110150
0006110152
0006110152
0006110146
0006110148
0006110148
0006110146
0006110146
0006110146
0006110138
0006110138
0006110138
0006110149
0006110149
0006110149
0006110149
0006110149
0006110149
0006110150
0006110150
0006110131
0006110131
0006110129
0006110129
0006110129
0006110129
0006110148
0006110148
0006110148
0006110148
0006110148
0006110148
0006110154
0006110116
0006110153
0006110153
0006110117
0006110117
0006110117
0006110117
0006110117
0006110117
0006110117
0006110117
0006110159
0006110162
0006110159
0006110159
0006110159
0006110159
0006110159
0006110159
0006110182
0006110184
0006110182
0006110166
0006110184
0006110184
0006110174
0006110168
0006110168
0006110163
0006110163
0006110177
0006110177
0006110162
0006110166
0006110166
0006110182
0006110182
0006110182
0006110182
0006110169
0006110169
0006110878
0006110885
0006110884
0006110884
0006110884
0006110881
0006110881
0006110881
0006110881
0006110880
0006110880
0006110880
0006110880
0006110880
0006110880
0006110880
0006110880
0006110880
0006110180
0006110180
0006110878
0006110882
0006110882
0006110878
0006110217
0006110892
0006110451
0006110890
0006110890
0006110890
0006110890
0006110890
0006110219
0006110343
0006110225
0006110221
0006110352
0006110352
0006110220
0006110343
0006110358
0006110343
0006110224
0006110220
0006110220
0006110343
0006110352
0006110218
0006110226
0006110225
0006110365
0006110225
0006110230
0006110230
0006110230
0006110230
0006110230
0006110230
0006110232
0006110370
0006110370
0006110229
0006110229
0006110229
0006110370
0006110237
0006110229
0006110249
0006110228
0006110241
0006110237
0006110244
0006110244
0006110382
0006110244
0006110244
0006110244
0006110382
0006110244
0006110382
0006110382
0006110244
0006110382
0006110244
0006110405
0006110254
0006110402
0006110253
0006110252
0006110258
0006110254
0006110402
0006110402
0006110428
0006110258
0006110258
0006110261
0006110435
0006110441
0006110265
0006110441
0006110265
0006110266
0006110266
0006110266
0006110266
0006110238
0006110238
0006110276
0006110276
0006110276
0006110276
0006110279
0006110284
0006110283
0006110283
0006110229
0006110229
0006110229
0006110289
0006110289
0006110290
0006110481
0006110291
0006110500
0006110500
0006110501
0006110496
0006110496
0006110493
0006110493
0006110502
0006110298
0006110305
0006110306
0006110306
0006110306
0006110311
0006110526
0006110321
0006110320
0006110549
0006110319
0006110330
0006110327
0006110327
0006110330
0006110330
0006110330
0006110327
0006110327
0006110327
0006110329
0006110326
0006110326
0006110331
0006110335
0006110333
0006110333
0006110333
0006110333
0006110333
0006110333
0006110336
0006110336
0006110685
0006110684
0006110690
0006110690
0006110691
0006110098
0006110712
0006110610
0006110610
0006110610
0006110710
0006110609
0006110610
0006110610
0006110729
0006110729
0006110617
0006110613
0006110613
0006110613
0006110647
0006110667
0006110673
0006110593
0006110042
0006110042
0006110252
0006110252
0006110252
0006110252
0006110043
0006110044
0006110045
0006110042
0006110045
0006110045
0006110045
0006110042
0006110042
0006110043
0006110042
0006110074
0006110117
0006110153
0006110153
0006110153
0006110116
0006110116
0006110148
0006110148
0006110148
0006110153
0006110153
0006110244
0006110382
0006110244
0006110244
0006110244
0006110244
0006110382
0006110382
0006110382
0006110244
0006110382
0006110244
0006110244
0006110244
0006110244
0006110244
0006110244
0006110244
0006110244
0006110382
0006110382
0006110382
0006110382
0006110382
0006110382
0006110244
0006110258
0006110258
0006110258
0006110258
0006110258
0006110258
0006110258
0006110258
0006110258
0006110258
0006110258
0006110258
0006110258
0006110258
0006110258
0006110249
0006110223
0006110223
0006110223
0006110223
0006110223
0006110032
0006110032
0006110032
0006110032
0006110032
0006110032
0006110032
0006110032
0006110032
0006110032
0006110032
0006110668
0006110046
0006110046
0006110046
0006110026
0006110046
0006110026
0006110026
0006110026
0006110026
0006110084
0006110079
0006110083
0006110074
0006110077
0006110048
0006110041
0006110042
0006110027
0006110027
0006110029
0006110030
0006110030
0006110030
0006110030
0006110352
0006110223
0006110881
0006110881
0006110166
0006110166
0006110166
0006110150
0006110159
0006110126
0006110100
0006110088
0006110097
0006110254
0006110018
0006110881
0006110130
0006110117
0006110117
0006110098
0006110026
0006110028
0006110237
0006110227
0006110343
0006110889
0006110165
0006110164
0006110081
0006110075
0006110074
0006110050
0006110047
0006110034
0006110180
0006110180
0006110163
0006110078
0006110014
0006110071
0006110089
0006110084
0006110082
0006110046
0006110046
0006110307
0006110886
0006110122
0006110099
0006110098
0006110082
0006110082
0006110082
0006110087
0006110087
0006110087
0006110087
0006110087
0006110051
0006110020
0006110020
0006110021
0006110020
0006110021
0006110020
0006110684
0006110684
0006110645
0006110276
0006110276
0006110129
0006110129
0006110091
0006110127
0006110115
0006110115
0006110115
0006110083
0006110083
0006110173
0006110151
0006110253
0006110088
0006110028
0006110174
0006110071
0006110673
0006110673
0006110032